ENQUEUE
{
  "count": 1000000,
  "avg_ms": 51.11636261955398,
  "p50_ms": 47.7000835,
  "p95_ms": 81.63839134999992,
  "p99_ms": 127.05797476000006,
  "max_ms": 1401.376625
}

DEQUEUE
{
  "count": 1000000,
  "avg_ms": 304.2670436473149,
  "p50_ms": 183.959229,
  "p95_ms": 979.499224999998,
  "p99_ms": 1657.3395404200005,
  "max_ms": 8041.206834
}

